2!:
2 
3!:
6 
4!:
2 4 
5!:
1 2 0 
6!:
7 2 0 
7!:
5 0 4 0 
8!:
4 0 3 2 0 
9!:
3 6 2 8 8 0 
10!:
3 6 2 8 8 0 0 
11!:
3 9 9 1 6 8 0 0 
12!:
4 7 9 0 0 1 6 0 0 
13!:
6 2 2 7 0 2 0 8 0 0 
14!:
8 7 1 7 8 2 9 1 2 0 0 
15!:
1 3 0 7 6 7 4 3 6 8 0 0 0 
16!:
2 0 9 2 2 7 8 9 8 8 8 0 0 0 
17!:
3 5 5 6 8 7 4 2 8 0 9 6 0 0 0 
18!:
6 4 0 2 3 7 3 7 0 5 7 2 8 0 0 0 
19!:
1 2 1 6 4 5 1 0 0 4 0 8 8 3 2 0 0 0 
20!:
2 4 3 2 9 0 2 0 0 8 1 7 6 6 4 0 0 0 0 
21!:
5 1 0 9 0 9 4 2 1 7 1 7 0 9 4 4 0 0 0 0 
22!:
1 1 2 4 0 0 0 7 2 7 7 7 7 6 0 7 6 8 0 0 0 0 
23!:
2 5 8 5 2 0 1 6 7 3 8 8 8 4 9 7 6 6 4 0 0 0 0 
24!:
6 2 0 4 4 8 4 0 1 7 3 3 2 3 9 4 3 9 3 6 0 0 0 0 
25!:
1 5 5 1 1 2 1 0 0 4 3 3 3 0 9 8 5 9 8 4 0 0 0 0 0 0 
26!:
4 0 3 2 9 1 4 6 1 1 2 6 6 0 5 6 3 5 5 8 4 0 0 0 0 0 0 
27!:
1 0 8 8 8 8 6 9 4 5 0 4 1 8 3 5 2 1 6 0 7 6 8 0 0 0 0 0 0 
28!:
3 0 4 8 8 8 3 4 4 6 1 1 7 1 3 8 6 0 5 0 1 5 0 4 0 0 0 0 0 0 
29!:
8 8 4 1 7 6 1 9 9 3 7 3 9 7 0 1 9 5 4 5 4 3 6 1 6 0 0 0 0 0 0 
30!:
2 6 5 2 5 2 8 5 9 8 1 2 1 9 1 0 5 8 6 3 6 3 0 8 4 8 0 0 0 0 0 0 0 
31!:
8 2 2 2 8 3 8 6 5 4 1 7 7 9 2 2 8 1 7 7 2 5 5 6 2 8 8 0 0 0 0 0 0 0 
32!:
2 6 3 1 3 0 8 3 6 9 3 3 6 9 3 5 3 0 1 6 7 2 1 8 0 1 2 1 6 0 0 0 0 0 0 0 
33!:
8 6 8 3 3 1 7 6 1 8 8 1 1 8 8 6 4 9 5 5 1 8 1 9 4 4 0 1 2 8 0 0 0 0 0 0 0 
34!:
2 9 5 2 3 2 7 9 9 0 3 9 6 0 4 1 4 0 8 4 7 6 1 8 6 0 9 6 4 3 5 2 0 0 0 0 0 0 0 
35!:
1 0 3 3 3 1 4 7 9 6 6 3 8 6 1 4 4 9 2 9 6 6 6 6 5 1 3 3 7 5 2 3 2 0 0 0 0 0 0 0 0 
36!:
3 7 1 9 9 3 3 2 6 7 8 9 9 0 1 2 1 7 4 6 7 9 9 9 4 4 8 1 5 0 8 3 5 2 0 0 0 0 0 0 0 0 
37!:
1 3 7 6 3 7 5 3 0 9 1 2 2 6 3 4 5 0 4 6 3 1 5 9 7 9 5 8 1 5 8 0 9 0 2 4 0 0 0 0 0 0 0 0 
38!:
5 2 3 0 2 2 6 1 7 4 6 6 6 0 1 1 1 1 7 6 0 0 0 7 2 2 4 1 0 0 0 7 4 2 9 1 2 0 0 0 0 0 0 0 0 
39!:
2 0 3 9 7 8 8 2 0 8 1 1 9 7 4 4 3 3 5 8 6 4 0 2 8 1 7 3 9 9 0 2 8 9 7 3 5 6 8 0 0 0 0 0 0 0 0 
40!:
8 1 5 9 1 5 2 8 3 2 4 7 8 9 7 7 3 4 3 4 5 6 1 1 2 6 9 5 9 6 1 1 5 8 9 4 2 7 2 0 0 0 0 0 0 0 0 0 
41!:
3 3 4 5 2 5 2 6 6 1 3 1 6 3 8 0 7 1 0 8 1 7 0 0 6 2 0 5 3 4 4 0 7 5 1 6 6 5 1 5 2 0 0 0 0 0 0 0 0 0 
42!:
1 4 0 5 0 0 6 1 1 7 7 5 2 8 7 9 8 9 8 5 4 3 1 4 2 6 0 6 2 4 4 5 1 1 5 6 9 9 3 6 3 8 4 0 0 0 0 0 0 0 0 0 
43!:
6 0 4 1 5 2 6 3 0 6 3 3 7 3 8 3 5 6 3 7 3 5 5 1 3 2 0 6 8 5 1 3 9 9 7 5 0 7 2 6 4 5 1 2 0 0 0 0 0 0 0 0 0 
input2:
4 4 
input:
6 0 4 1 5 2 6 3 0 6 3 3 7 3 8 3 5 6 3 7 3 5 5 1 3 2 0 6 8 5 1 3 9 9 7 5 0 7 2 6 4 5 1 2 0 0 0 0 0 0 0 0 0 
0: 4 * 0 -> 0
0: 4 * 0 -> 0
0: 0 * 0 -> 0
1: 4 * 0 -> 0
1: 4 * 0 -> 0
1: 0 * 0 -> 0
2: 4 * 0 -> 0
2: 4 * 0 -> 0
2: 0 * 0 -> 0
3: 4 * 0 -> 0
3: 4 * 0 -> 0
3: 0 * 0 -> 0
4: 4 * 0 -> 0
4: 4 * 0 -> 0
4: 0 * 0 -> 0
5: 4 * 0 -> 0
5: 4 * 0 -> 0
5: 0 * 0 -> 0
6: 4 * 0 -> 0
6: 4 * 0 -> 0
6: 0 * 0 -> 0
7: 4 * 0 -> 0
7: 4 * 0 -> 0
7: 0 * 0 -> 0
8: 4 * 0 -> 0
8: 4 * 0 -> 0
8: 0 * 0 -> 0
9: 4 * 2 -> 8
digit 9 -> 8
9: 4 * 2 -> 8
digit 10 -> 8
9: 0 * 2 -> 0
10: 4 * 1 -> 12
digit 10 -> 2
digit 11 -> 1
10: 4 * 1 -> 5
digit 11 -> 5
10: 0 * 1 -> 0
11: 4 * 5 -> 25
digit 11 -> 5
digit 12 -> 2
11: 4 * 5 -> 22
digit 12 -> 2
digit 13 -> 2
11: 0 * 5 -> 2
digit 13 -> 2
12: 4 * 4 -> 18
digit 12 -> 8
digit 13 -> 3
12: 4 * 4 -> 19
digit 13 -> 9
digit 14 -> 1
12: 0 * 4 -> 1
digit 14 -> 1
13: 4 * 6 -> 33
digit 13 -> 3
digit 14 -> 4
13: 4 * 6 -> 28
digit 14 -> 8
digit 15 -> 2
13: 0 * 6 -> 2
digit 15 -> 2
14: 4 * 2 -> 16
digit 14 -> 6
digit 15 -> 3
14: 4 * 2 -> 11
digit 15 -> 1
digit 16 -> 1
14: 0 * 2 -> 1
digit 16 -> 1
15: 4 * 7 -> 29
digit 15 -> 9
digit 16 -> 3
15: 4 * 7 -> 31
digit 16 -> 1
digit 17 -> 3
15: 0 * 7 -> 3
digit 17 -> 3
16: 4 * 0 -> 1
digit 16 -> 1
16: 4 * 0 -> 3
digit 17 -> 3
16: 0 * 0 -> 0
17: 4 * 5 -> 23
digit 17 -> 3
digit 18 -> 2
17: 4 * 5 -> 22
digit 18 -> 2
digit 19 -> 2
17: 0 * 5 -> 2
digit 19 -> 2
18: 4 * 7 -> 30
digit 18 -> 0
digit 19 -> 5
18: 4 * 7 -> 33
digit 19 -> 3
digit 20 -> 3
18: 0 * 7 -> 3
digit 20 -> 3
19: 4 * 9 -> 39
digit 19 -> 9
digit 20 -> 6
19: 4 * 9 -> 42
digit 20 -> 2
digit 21 -> 4
19: 0 * 9 -> 4
digit 21 -> 4
20: 4 * 9 -> 38
digit 20 -> 8
digit 21 -> 7
20: 4 * 9 -> 43
digit 21 -> 3
digit 22 -> 4
20: 0 * 9 -> 4
digit 22 -> 4
21: 4 * 3 -> 15
digit 21 -> 5
digit 22 -> 5
21: 4 * 3 -> 17
digit 22 -> 7
digit 23 -> 1
21: 0 * 3 -> 1
digit 23 -> 1
22: 4 * 1 -> 11
digit 22 -> 1
digit 23 -> 2
22: 4 * 1 -> 6
digit 23 -> 6
22: 0 * 1 -> 0
23: 4 * 5 -> 26
digit 23 -> 6
digit 24 -> 2
23: 4 * 5 -> 22
digit 24 -> 2
digit 25 -> 2
23: 0 * 5 -> 2
digit 25 -> 2
24: 4 * 8 -> 34
digit 24 -> 4
digit 25 -> 5
24: 4 * 8 -> 37
digit 25 -> 7
digit 26 -> 3
24: 0 * 8 -> 3
digit 26 -> 3
25: 4 * 6 -> 31
digit 25 -> 1
digit 26 -> 6
25: 4 * 6 -> 30
digit 26 -> 0
digit 27 -> 3
25: 0 * 6 -> 3
digit 27 -> 3
26: 4 * 0 -> 0
26: 4 * 0 -> 3
digit 27 -> 3
26: 0 * 0 -> 0
27: 4 * 2 -> 11
digit 27 -> 1
digit 28 -> 1
27: 4 * 2 -> 9
digit 28 -> 9
27: 0 * 2 -> 0
28: 4 * 3 -> 21
digit 28 -> 1
digit 29 -> 2
28: 4 * 3 -> 14
digit 29 -> 4
digit 30 -> 1
28: 0 * 3 -> 1
digit 30 -> 1
29: 4 * 1 -> 8
digit 29 -> 8
29: 4 * 1 -> 5
digit 30 -> 5
29: 0 * 1 -> 0
30: 4 * 5 -> 25
digit 30 -> 5
digit 31 -> 2
30: 4 * 5 -> 22
digit 31 -> 2
digit 32 -> 2
30: 0 * 5 -> 2
digit 32 -> 2
31: 4 * 5 -> 22
digit 31 -> 2
digit 32 -> 4
31: 4 * 5 -> 24
digit 32 -> 4
digit 33 -> 2
31: 0 * 5 -> 2
digit 33 -> 2
32: 4 * 3 -> 16
digit 32 -> 6
digit 33 -> 3
32: 4 * 3 -> 15
digit 33 -> 5
digit 34 -> 1
32: 0 * 3 -> 1
digit 34 -> 1
33: 4 * 7 -> 33
digit 33 -> 3
digit 34 -> 4
33: 4 * 7 -> 32
digit 34 -> 2
digit 35 -> 3
33: 0 * 7 -> 3
digit 35 -> 3
34: 4 * 3 -> 14
digit 34 -> 4
digit 35 -> 4
34: 4 * 3 -> 16
digit 35 -> 6
digit 36 -> 1
34: 0 * 3 -> 1
digit 36 -> 1
35: 4 * 6 -> 30
digit 35 -> 0
digit 36 -> 4
35: 4 * 6 -> 28
digit 36 -> 8
digit 37 -> 2
35: 0 * 6 -> 2
digit 37 -> 2
36: 4 * 5 -> 28
digit 36 -> 8
digit 37 -> 4
36: 4 * 5 -> 24
digit 37 -> 4
digit 38 -> 2
36: 0 * 5 -> 2
digit 38 -> 2
37: 4 * 3 -> 16
digit 37 -> 6
digit 38 -> 3
37: 4 * 3 -> 15
digit 38 -> 5
digit 39 -> 1
37: 0 * 3 -> 1
digit 39 -> 1
38: 4 * 8 -> 37
digit 38 -> 7
digit 39 -> 4
38: 4 * 8 -> 36
digit 39 -> 6
digit 40 -> 3
38: 0 * 8 -> 3
digit 40 -> 3
39: 4 * 3 -> 18
digit 39 -> 8
digit 40 -> 4
39: 4 * 3 -> 16
digit 40 -> 6
digit 41 -> 1
39: 0 * 3 -> 1
digit 41 -> 1
40: 4 * 7 -> 34
digit 40 -> 4
digit 41 -> 4
40: 4 * 7 -> 32
digit 41 -> 2
digit 42 -> 3
40: 0 * 7 -> 3
digit 42 -> 3
41: 4 * 3 -> 14
digit 41 -> 4
digit 42 -> 4
41: 4 * 3 -> 16
digit 42 -> 6
digit 43 -> 1
41: 0 * 3 -> 1
digit 43 -> 1
42: 4 * 3 -> 18
digit 42 -> 8
digit 43 -> 2
42: 4 * 3 -> 14
digit 43 -> 4
digit 44 -> 1
42: 0 * 3 -> 1
digit 44 -> 1
43: 4 * 6 -> 28
digit 43 -> 8
digit 44 -> 3
43: 4 * 6 -> 27
digit 44 -> 7
digit 45 -> 2
43: 0 * 6 -> 2
digit 45 -> 2
44: 4 * 0 -> 7
digit 44 -> 7
44: 4 * 0 -> 2
digit 45 -> 2
44: 0 * 0 -> 0
45: 4 * 3 -> 14
digit 45 -> 4
digit 46 -> 1
45: 4 * 3 -> 13
digit 46 -> 3
digit 47 -> 1
45: 0 * 3 -> 1
digit 47 -> 1
46: 4 * 6 -> 27
digit 46 -> 7
digit 47 -> 3
46: 4 * 6 -> 27
digit 47 -> 7
digit 48 -> 2
46: 0 * 6 -> 2
digit 48 -> 2
47: 4 * 2 -> 15
digit 47 -> 5
digit 48 -> 3
47: 4 * 2 -> 11
digit 48 -> 1
digit 49 -> 1
47: 0 * 2 -> 1
digit 49 -> 1
48: 4 * 5 -> 21
digit 48 -> 1
digit 49 -> 3
48: 4 * 5 -> 23
digit 49 -> 3
digit 50 -> 6
48: 0 * 5 -> 6
digit 50 -> 6
49: 4 * 1 -> 7
digit 49 -> 7
49: 4 * 1 -> 10
digit 50 -> 0
digit 51 -> 2
49: 0 * 1 -> 2
digit 51 -> 2
50: 4 * 4 -> 16
digit 50 -> 6
digit 51 -> 3
50: 4 * 4 -> 19
digit 51 -> 9
digit 52 -> 1
50: 0 * 4 -> 1
digit 52 -> 1
51: 4 * 0 -> 9
digit 51 -> 9
51: 4 * 0 -> 1
digit 52 -> 1
51: 0 * 0 -> 0
52: 4 * 6 -> 25
digit 52 -> 5
digit 53 -> 2
52: 4 * 6 -> 26
digit 53 -> 6
digit 54 -> 2
52: 0 * 6 -> 2
digit 54 -> 2
53: 4 * 0 -> 6
digit 53 -> 6
53: 4 * 0 -> 2
digit 54 -> 2
53: 0 * 0 -> 0
54: 4 * 0 -> 2
digit 54 -> 2
54: 4 * 0 -> 0
54: 0 * 0 -> 0
55: 4 * 0 -> 0
55: 4 * 0 -> 0
55: 0 * 0 -> 0
56: 4 * 0 -> 0
56: 4 * 0 -> 0
56: 0 * 0 -> 0
57: 4 * 0 -> 0
57: 4 * 0 -> 0
57: 0 * 0 -> 0
58: 4 * 0 -> 0
58: 4 * 0 -> 0
58: 0 * 0 -> 0
59: 4 * 0 -> 0
59: 4 * 0 -> 0
59: 0 * 0 -> 0
60: 4 * 0 -> 0
60: 4 * 0 -> 0
60: 0 * 0 -> 0
61: 4 * 0 -> 0
61: 4 * 0 -> 0
61: 0 * 0 -> 0
62: 4 * 0 -> 0
62: 4 * 0 -> 0
62: 0 * 0 -> 0
63: 4 * 0 -> 0
63: 4 * 0 -> 0
63: 0 * 0 -> 0
64: 4 * 0 -> 0
64: 4 * 0 -> 0
64: 0 * 0 -> 0
65: 4 * 0 -> 0
65: 4 * 0 -> 0
65: 0 * 0 -> 0
66: 4 * 0 -> 0
66: 4 * 0 -> 0
66: 0 * 0 -> 0
67: 4 * 0 -> 0
67: 4 * 0 -> 0
67: 0 * 0 -> 0
68: 4 * 0 -> 0
68: 4 * 0 -> 0
68: 0 * 0 -> 0
69: 4 * 0 -> 0
69: 4 * 0 -> 0
69: 0 * 0 -> 0
70: 4 * 0 -> 0
70: 4 * 0 -> 0
70: 0 * 0 -> 0
71: 4 * 0 -> 0
71: 4 * 0 -> 0
71: 0 * 0 -> 0
72: 4 * 0 -> 0
72: 4 * 0 -> 0
72: 0 * 0 -> 0
73: 4 * 0 -> 0
73: 4 * 0 -> 0
73: 0 * 0 -> 0
74: 4 * 0 -> 0
74: 4 * 0 -> 0
74: 0 * 0 -> 0
75: 4 * 0 -> 0
75: 4 * 0 -> 0
75: 0 * 0 -> 0
76: 4 * 0 -> 0
76: 4 * 0 -> 0
76: 0 * 0 -> 0
77: 4 * 0 -> 0
77: 4 * 0 -> 0
77: 0 * 0 -> 0
78: 4 * 0 -> 0
78: 4 * 0 -> 0
78: 0 * 0 -> 0
79: 4 * 0 -> 0
79: 4 * 0 -> 0
79: 0 * 0 -> 0
80: 4 * 0 -> 0
80: 4 * 0 -> 0
80: 0 * 0 -> 0
81: 4 * 0 -> 0
81: 4 * 0 -> 0
81: 0 * 0 -> 0
82: 4 * 0 -> 0
82: 4 * 0 -> 0
82: 0 * 0 -> 0
83: 4 * 0 -> 0
83: 4 * 0 -> 0
83: 0 * 0 -> 0
84: 4 * 0 -> 0
84: 4 * 0 -> 0
84: 0 * 0 -> 0
85: 4 * 0 -> 0
85: 4 * 0 -> 0
85: 0 * 0 -> 0
86: 4 * 0 -> 0
86: 4 * 0 -> 0
86: 0 * 0 -> 0
87: 4 * 0 -> 0
87: 4 * 0 -> 0
87: 0 * 0 -> 0
88: 4 * 0 -> 0
88: 4 * 0 -> 0
88: 0 * 0 -> 0
89: 4 * 0 -> 0
89: 4 * 0 -> 0
89: 0 * 0 -> 0
90: 4 * 0 -> 0
90: 4 * 0 -> 0
90: 0 * 0 -> 0
91: 4 * 0 -> 0
91: 4 * 0 -> 0
91: 0 * 0 -> 0
92: 4 * 0 -> 0
92: 4 * 0 -> 0
92: 0 * 0 -> 0
93: 4 * 0 -> 0
93: 4 * 0 -> 0
93: 0 * 0 -> 0
94: 4 * 0 -> 0
94: 4 * 0 -> 0
94: 0 * 0 -> 0
95: 4 * 0 -> 0
95: 4 * 0 -> 0
95: 0 * 0 -> 0
96: 4 * 0 -> 0
96: 4 * 0 -> 0
96: 0 * 0 -> 0
97: 4 * 0 -> 0
97: 4 * 0 -> 0
97: 0 * 0 -> 0
98: 4 * 0 -> 0
98: 4 * 0 -> 0
98: 0 * 0 -> 0
99: 4 * 0 -> 0
99: 4 * 0 -> 0
99: 0 * 0 -> 0
100: 4 * 0 -> 0
100: 4 * 0 -> 0
100: 0 * 0 -> 0
101: 4 * 0 -> 0
101: 4 * 0 -> 0
101: 0 * 0 -> 0
102: 4 * 0 -> 0
102: 4 * 0 -> 0
102: 0 * 0 -> 0
103: 4 * 0 -> 0
103: 4 * 0 -> 0
103: 0 * 0 -> 0
104: 4 * 0 -> 0
104: 4 * 0 -> 0
104: 0 * 0 -> 0
105: 4 * 0 -> 0
105: 4 * 0 -> 0
105: 0 * 0 -> 0
106: 4 * 0 -> 0
106: 4 * 0 -> 0
106: 0 * 0 -> 0
107: 4 * 0 -> 0
107: 4 * 0 -> 0
107: 0 * 0 -> 0
108: 4 * 0 -> 0
108: 4 * 0 -> 0
108: 0 * 0 -> 0
109: 4 * 0 -> 0
109: 4 * 0 -> 0
109: 0 * 0 -> 0
110: 4 * 0 -> 0
110: 4 * 0 -> 0
110: 0 * 0 -> 0
111: 4 * 0 -> 0
111: 4 * 0 -> 0
111: 0 * 0 -> 0
112: 4 * 0 -> 0
112: 4 * 0 -> 0
112: 0 * 0 -> 0
113: 4 * 0 -> 0
113: 4 * 0 -> 0
113: 0 * 0 -> 0
114: 4 * 0 -> 0
114: 4 * 0 -> 0
114: 0 * 0 -> 0
115: 4 * 0 -> 0
115: 4 * 0 -> 0
115: 0 * 0 -> 0
116: 4 * 0 -> 0
116: 4 * 0 -> 0
116: 0 * 0 -> 0
117: 4 * 0 -> 0
117: 4 * 0 -> 0
117: 0 * 0 -> 0
118: 4 * 0 -> 0
118: 4 * 0 -> 0
118: 0 * 0 -> 0
119: 4 * 0 -> 0
119: 4 * 0 -> 0
119: 0 * 0 -> 0
120: 4 * 0 -> 0
120: 4 * 0 -> 0
120: 0 * 0 -> 0
121: 4 * 0 -> 0
121: 4 * 0 -> 0
121: 0 * 0 -> 0
122: 4 * 0 -> 0
122: 4 * 0 -> 0
122: 0 * 0 -> 0
123: 4 * 0 -> 0
123: 4 * 0 -> 0
123: 0 * 0 -> 0
124: 4 * 0 -> 0
124: 4 * 0 -> 0
124: 0 * 0 -> 0
125: 4 * 0 -> 0
125: 4 * 0 -> 0
125: 0 * 0 -> 0
126: 4 * 0 -> 0
126: 4 * 0 -> 0
126: 0 * 0 -> 0
127: 4 * 0 -> 0
127: 4 * 0 -> 0
127: 0 * 0 -> 0
128: 4 * 0 -> 0
128: 4 * 0 -> 0
128: 0 * 0 -> 0
129: 4 * 0 -> 0
129: 4 * 0 -> 0
129: 0 * 0 -> 0
130: 4 * 0 -> 0
130: 4 * 0 -> 0
130: 0 * 0 -> 0
131: 4 * 0 -> 0
131: 4 * 0 -> 0
131: 0 * 0 -> 0
132: 4 * 0 -> 0
132: 4 * 0 -> 0
132: 0 * 0 -> 0
133: 4 * 0 -> 0
133: 4 * 0 -> 0
133: 0 * 0 -> 0
134: 4 * 0 -> 0
134: 4 * 0 -> 0
134: 0 * 0 -> 0
135: 4 * 0 -> 0
135: 4 * 0 -> 0
135: 0 * 0 -> 0
136: 4 * 0 -> 0
136: 4 * 0 -> 0
136: 0 * 0 -> 0
137: 4 * 0 -> 0
137: 4 * 0 -> 0
137: 0 * 0 -> 0
138: 4 * 0 -> 0
138: 4 * 0 -> 0
138: 0 * 0 -> 0
139: 4 * 0 -> 0
139: 4 * 0 -> 0
139: 0 * 0 -> 0
140: 4 * 0 -> 0
140: 4 * 0 -> 0
140: 0 * 0 -> 0
141: 4 * 0 -> 0
141: 4 * 0 -> 0
141: 0 * 0 -> 0
142: 4 * 0 -> 0
142: 4 * 0 -> 0
142: 0 * 0 -> 0
143: 4 * 0 -> 0
143: 4 * 0 -> 0
143: 0 * 0 -> 0
144: 4 * 0 -> 0
144: 4 * 0 -> 0
144: 0 * 0 -> 0
145: 4 * 0 -> 0
145: 4 * 0 -> 0
145: 0 * 0 -> 0
146: 4 * 0 -> 0
146: 4 * 0 -> 0
146: 0 * 0 -> 0
147: 4 * 0 -> 0
147: 4 * 0 -> 0
147: 0 * 0 -> 0
148: 4 * 0 -> 0
148: 4 * 0 -> 0
148: 0 * 0 -> 0
149: 4 * 0 -> 0
149: 4 * 0 -> 0
149: 0 * 0 -> 0
150: 4 * 0 -> 0
150: 4 * 0 -> 0
150: 0 * 0 -> 0
151: 4 * 0 -> 0
151: 4 * 0 -> 0
151: 0 * 0 -> 0
152: 4 * 0 -> 0
152: 4 * 0 -> 0
152: 0 * 0 -> 0
153: 4 * 0 -> 0
153: 4 * 0 -> 0
153: 0 * 0 -> 0
154: 4 * 0 -> 0
154: 4 * 0 -> 0
154: 0 * 0 -> 0
155: 4 * 0 -> 0
155: 4 * 0 -> 0
155: 0 * 0 -> 0
156: 4 * 0 -> 0
156: 4 * 0 -> 0
156: 0 * 0 -> 0
157: 4 * 0 -> 0
157: 4 * 0 -> 0
157: 0 * 0 -> 0
158: 4 * 0 -> 0
158: 4 * 0 -> 0
158: 0 * 0 -> 0
159: 4 * 0 -> 0
159: 4 * 0 -> 0
159: 0 * 0 -> 0
160: 4 * 0 -> 0
160: 4 * 0 -> 0
160: 0 * 0 -> 0
161: 4 * 0 -> 0
161: 4 * 0 -> 0
161: 0 * 0 -> 0
162: 4 * 0 -> 0
162: 4 * 0 -> 0
162: 0 * 0 -> 0
163: 4 * 0 -> 0
163: 4 * 0 -> 0
163: 0 * 0 -> 0
164: 4 * 0 -> 0
164: 4 * 0 -> 0
164: 0 * 0 -> 0
165: 4 * 0 -> 0
165: 4 * 0 -> 0
165: 0 * 0 -> 0
166: 4 * 0 -> 0
166: 4 * 0 -> 0
166: 0 * 0 -> 0
167: 4 * 0 -> 0
167: 4 * 0 -> 0
167: 0 * 0 -> 0
168: 4 * 0 -> 0
168: 4 * 0 -> 0
168: 0 * 0 -> 0
169: 4 * 0 -> 0
169: 4 * 0 -> 0
169: 0 * 0 -> 0
170: 4 * 0 -> 0
170: 4 * 0 -> 0
170: 0 * 0 -> 0
171: 4 * 0 -> 0
171: 4 * 0 -> 0
171: 0 * 0 -> 0
172: 4 * 0 -> 0
172: 4 * 0 -> 0
172: 0 * 0 -> 0
173: 4 * 0 -> 0
173: 4 * 0 -> 0
173: 0 * 0 -> 0
174: 4 * 0 -> 0
174: 4 * 0 -> 0
174: 0 * 0 -> 0
175: 4 * 0 -> 0
175: 4 * 0 -> 0
175: 0 * 0 -> 0
176: 4 * 0 -> 0
176: 4 * 0 -> 0
176: 0 * 0 -> 0
177: 4 * 0 -> 0
177: 4 * 0 -> 0
177: 0 * 0 -> 0
178: 4 * 0 -> 0
178: 4 * 0 -> 0
178: 0 * 0 -> 0
179: 4 * 0 -> 0
179: 4 * 0 -> 0
179: 0 * 0 -> 0
180: 4 * 0 -> 0
180: 4 * 0 -> 0
180: 0 * 0 -> 0
181: 4 * 0 -> 0
181: 4 * 0 -> 0
181: 0 * 0 -> 0
182: 4 * 0 -> 0
182: 4 * 0 -> 0
182: 0 * 0 -> 0
183: 4 * 0 -> 0
183: 4 * 0 -> 0
183: 0 * 0 -> 0
184: 4 * 0 -> 0
184: 4 * 0 -> 0
184: 0 * 0 -> 0
185: 4 * 0 -> 0
185: 4 * 0 -> 0
185: 0 * 0 -> 0
186: 4 * 0 -> 0
186: 4 * 0 -> 0
186: 0 * 0 -> 0
187: 4 * 0 -> 0
187: 4 * 0 -> 0
187: 0 * 0 -> 0
188: 4 * 0 -> 0
188: 4 * 0 -> 0
188: 0 * 0 -> 0
189: 4 * 0 -> 0
189: 4 * 0 -> 0
189: 0 * 0 -> 0
190: 4 * 0 -> 0
190: 4 * 0 -> 0
190: 0 * 0 -> 0
191: 4 * 0 -> 0
191: 4 * 0 -> 0
191: 0 * 0 -> 0
192: 4 * 0 -> 0
192: 4 * 0 -> 0
192: 0 * 0 -> 0
193: 4 * 0 -> 0
193: 4 * 0 -> 0
193: 0 * 0 -> 0
194: 4 * 0 -> 0
194: 4 * 0 -> 0
194: 0 * 0 -> 0
195: 4 * 0 -> 0
195: 4 * 0 -> 0
195: 0 * 0 -> 0
196: 4 * 0 -> 0
196: 4 * 0 -> 0
196: 0 * 0 -> 0
197: 4 * 0 -> 0
197: 4 * 0 -> 0
197: 0 * 0 -> 0
198: 4 * 0 -> 0
198: 4 * 0 -> 0
198: 0 * 0 -> 0
199: 4 * 0 -> 0
199: 4 * 0 -> 0
199: 0 * 0 -> 0
44!:
2 6 5 9 6 7 1 5 7 4 7 8 8 4 4 8 7 6 8 0 4 3 6 2 5 8 1 1 0 1 4 6 1 5 8 9 0 3 1 9 6 3 8 5 2 8 0 0 0 0 0 0 0 0 0 
45!:
1 1 9 7 4 5 6 2 0 8 6 5 4 8 0 1 9 4 5 6 1 9 6 3 1 6 1 4 9 5 6 5 7 7 1 5 0 6 4 3 8 3 7 3 3 7 6 0 0 0 0 0 0 0 0 0 0 
46!:
5 5 1 0 9 5 8 1 5 9 8 1 2 0 8 8 9 4 9 8 5 0 3 0 5 4 2 8 8 0 0 2 5 4 8 9 2 9 6 1 6 5 1 7 5 2 9 6 0 0 0 0 0 0 0 0 0 0 
47!:
2 5 9 1 3 4 7 7 9 1 1 1 1 6 8 1 8 0 6 4 2 9 6 4 3 5 5 1 5 3 6 1 1 9 7 9 9 6 9 1 9 7 6 3 2 3 8 9 1 2 0 0 0 0 0 0 0 0 0 0 
48!:
1 2 4 4 3 9 8 0 3 5 5 4 3 6 0 7 2 6 7 0 8 6 2 2 8 9 0 4 7 3 7 3 3 7 5 0 3 8 5 2 1 4 8 6 3 5 4 6 7 7 7 6 0 0 0 0 0 0 0 0 0 0 
49!:
6 1 0 0 1 4 1 7 2 1 9 5 4 6 7 5 6 0 8 7 2 2 5 2 1 6 3 3 2 1 2 9 5 3 7 6 8 8 7 5 5 2 8 3 1 3 7 9 2 1 0 2 4 0 0 0 0 0 0 0 0 0 0 
50!:
3 0 5 1 3 1 5 2 5 9 0 1 2 8 7 7 8 0 4 3 6 1 2 6 0 8 1 6 6 0 6 4 7 6 8 8 4 4 3 7 7 6 4 1 5 6 8 9 6 0 5 1 2 0 0 0 0 0 0 0 0 0 0 0 0 
51!:
1 5 5 6 7 8 0 7 9 6 2 6 8 7 6 3 0 8 0 2 2 4 2 4 3 0 1 6 4 6 9 3 0 3 2 1 1 0 6 3 2 5 9 7 2 0 0 1 6 9 8 6 1 1 2 0 0 0 0 0 0 0 0 0 0 0 0 
52!:
8 0 9 8 3 1 1 4 5 5 8 5 6 5 8 0 8 8 7 1 6 6 0 6 3 6 8 5 6 4 0 3 7 6 6 9 7 5 2 8 9 5 0 5 4 4 0 8 8 3 2 7 7 8 2 4 0 0 0 0 0 0 0 0 0 0 0 0 
53!:
4 2 9 3 6 6 1 8 5 2 4 0 0 2 5 6 6 3 3 1 9 8 0 1 3 7 5 3 3 8 9 3 9 9 6 4 9 6 9 0 3 4 3 7 8 8 3 6 6 8 1 3 7 2 4 6 7 2 0 0 0 0 0 0 0 0 0 0 0 0 
54!:
2 3 1 9 3 8 7 2 3 1 4 4 1 7 2 4 2 4 0 0 1 4 9 2 7 4 2 6 8 3 0 2 7 5 8 1 0 8 3 2 7 8 5 6 4 5 7 1 8 0 7 9 4 1 1 3 2 2 8 8 0 0 0 0 0 0 0 0 0 0 0 0 
55!:
1 2 7 6 0 9 2 3 4 3 4 7 8 1 8 8 3 5 7 6 7 1 5 2 0 0 8 4 7 5 6 6 5 1 6 9 5 9 5 8 0 3 2 1 0 5 1 4 4 9 4 3 6 7 6 2 2 7 5 8 4 0 0 0 0 0 0 0 0 0 0 0 0 0 
56!:
7 1 4 8 4 3 6 5 1 0 7 0 9 2 9 6 5 2 7 2 0 0 5 2 6 4 7 4 6 3 7 2 4 9 4 9 7 3 6 4 9 7 9 7 8 8 8 1 1 6 8 4 5 8 6 8 7 4 4 7 0 4 0 0 0 0 0 0 0 0 0 0 0 0 0 
57!:
4 0 7 5 8 8 4 9 0 3 4 4 7 7 7 7 2 0 8 8 6 1 9 7 1 6 1 0 5 4 3 2 3 2 2 1 3 4 9 8 0 3 8 4 7 9 6 2 2 6 6 0 2 1 4 5 1 8 4 4 8 1 2 8 0 0 0 0 0 0 0 0 0 0 0 0 0 
58!:
2 3 6 4 7 2 8 0 8 7 6 5 0 7 8 1 7 1 0 7 9 2 6 6 3 5 8 6 7 1 5 0 7 4 6 8 3 8 2 8 8 6 2 3 1 8 1 8 1 1 4 2 9 2 4 4 2 0 6 9 9 9 1 4 2 4 0 0 0 0 0 0 0 0 0 0 0 0 0 
59!:
1 3 9 5 5 9 7 1 6 0 2 0 4 3 0 5 9 8 7 0 8 8 5 5 7 7 1 3 3 2 2 8 9 4 0 6 3 4 5 9 0 2 8 7 6 7 7 2 6 8 7 4 3 2 5 4 0 8 2 1 2 9 4 9 4 0 1 6 0 0 0 0 0 0 0 0 0 0 0 0 0 
60!:
8 3 7 5 9 4 7 6 8 9 3 1 3 4 8 6 7 0 4 2 4 2 1 3 8 9 4 3 5 2 4 0 6 4 3 8 0 7 5 4 1 7 2 6 0 6 3 6 1 2 4 5 9 5 2 4 4 9 2 7 7 6 9 6 4 0 9 6 0 0 0 0 0 0 0 0 0 0 0 0 0 0 
61!:
5 1 1 0 7 2 3 6 8 7 6 4 1 4 3 1 1 9 5 5 7 4 7 9 3 3 1 3 2 6 3 0 0 1 2 7 2 2 6 0 0 4 5 2 8 9 8 8 0 3 6 0 0 3 0 9 9 4 0 5 9 3 9 4 8 0 9 8 5 6 0 0 0 0 0 0 0 0 0 0 0 0 0 0 
62!:
3 1 6 9 4 8 6 2 8 1 1 0 6 6 1 8 6 8 9 9 2 6 7 9 6 0 6 8 1 1 7 4 1 3 1 8 8 8 0 1 2 2 8 0 7 9 7 2 5 8 2 3 2 1 9 2 1 6 3 1 6 8 2 4 7 8 2 1 1 0 7 2 0 0 0 0 0 0 0 0 0 0 0 0 0 0 
63!:
1 9 9 7 2 8 7 4 2 9 4 6 5 9 3 3 9 1 7 7 7 3 4 3 9 0 0 2 2 4 5 2 9 6 6 0 9 0 4 4 7 7 3 6 9 0 2 2 7 2 6 8 6 2 8 1 0 6 2 7 9 5 9 9 6 1 2 7 2 9 7 5 3 6 0 0 0 0 0 0 0 0 0 0 0 0 0 0 
64!:
1 2 7 8 5 8 0 9 0 3 4 8 6 3 0 8 3 6 9 2 4 3 9 9 3 6 4 1 0 4 3 8 0 1 5 7 1 1 0 6 6 5 5 1 6 1 7 4 5 4 5 1 9 2 1 9 8 8 0 1 8 9 4 3 7 5 2 1 4 7 0 4 2 3 0 4 0 0 0 0 0 0 0 0 0 0 0 0 0 0 
65!:
8 3 1 2 7 7 3 1 6 0 0 9 0 4 7 0 3 3 4 0 0 3 7 3 2 1 0 5 7 8 6 9 5 5 5 0 8 8 0 2 2 5 8 5 5 1 3 4 5 4 3 7 4 9 2 9 2 2 1 2 3 1 3 4 3 8 8 9 5 5 7 7 4 9 7 6 0 0 0 0 0 0 0 0 0 0 0 0 0 0 0 
66!:
5 4 8 7 7 0 8 8 6 6 5 6 3 1 9 6 7 2 8 8 1 1 7 0 7 1 8 3 4 6 0 4 3 4 4 3 7 3 8 0 5 9 6 6 4 3 8 8 7 9 8 8 7 4 5 3 2 8 6 0 1 2 6 8 6 9 6 7 1 0 8 1 1 4 8 4 1 6 0 0 0 0 0 0 0 0 0 0 0 0 0 0 0 
67!:
3 6 7 7 5 9 6 2 1 7 9 1 3 3 5 0 8 5 5 3 3 7 2 4 4 1 8 6 1 2 9 0 6 9 7 6 8 5 9 5 8 7 9 9 7 1 4 0 4 9 5 2 4 5 9 3 7 0 1 6 2 8 5 0 0 2 6 7 9 6 2 4 3 6 9 4 3 8 7 2 0 0 0 0 0 0 0 0 0 0 0 0 0 0 0 
68!:
2 5 0 1 3 1 4 1 9 9 0 6 7 7 3 4 9 0 1 3 0 2 2 0 7 2 1 7 2 8 6 1 1 3 4 8 6 0 8 8 9 3 6 4 4 0 1 5 5 3 6 7 6 7 2 3 7 1 7 1 0 7 3 8 0 1 8 2 2 1 4 4 5 7 1 2 1 8 3 2 9 6 0 0 0 0 0 0 0 0 0 0 0 0 0 0 0 
69!:
1 7 2 6 2 7 4 5 5 6 9 7 8 5 2 8 4 1 6 9 8 4 0 5 6 7 0 4 3 4 6 0 3 1 2 1 2 3 7 8 2 2 5 7 3 1 7 0 4 2 0 3 6 9 3 9 3 6 4 8 0 4 0 9 2 3 2 5 7 2 7 9 7 5 4 1 4 0 6 4 7 4 2 4 0 0 0 0 0 0 0 0 0 0 0 0 0 0 0 
70!:
1 2 0 8 6 4 2 3 2 1 3 0 4 8 7 6 6 6 5 3 7 8 9 6 9 9 1 3 7 6 3 9 5 0 4 6 0 0 1 3 3 6 6 9 0 5 8 3 6 9 5 2 5 8 5 7 5 5 5 3 6 2 8 6 4 6 2 8 0 0 9 5 8 2 7 8 9 8 4 5 3 1 9 6 8 0 0 0 0 0 0 0 0 0 0 0 0 0 0 0 0 
71!:
8 5 8 3 0 8 6 7 5 5 8 2 1 6 0 2 8 5 2 6 0 7 6 7 0 4 4 4 4 2 8 3 9 4 2 9 7 3 0 7 2 8 3 2 5 7 1 7 4 0 6 7 3 5 8 8 6 4 3 0 7 6 3 3 8 8 5 8 8 6 8 0 3 7 8 0 7 9 0 1 7 6 9 7 2 8 0 0 0 0 0 0 0 0 0 0 0 0 0 0 0 0 
72!:
6 1 8 1 0 3 1 1 0 6 5 1 2 8 5 8 9 3 0 5 4 2 9 0 1 6 8 9 9 0 2 2 0 7 8 4 4 5 2 1 2 5 7 3 1 2 0 7 1 1 6 5 4 4 8 3 8 2 3 0 1 4 9 6 3 9 7 8 3 8 4 9 8 7 2 2 1 6 8 9 2 7 4 2 0 4 1 6 0 0 0 0 0 0 0 0 0 0 0 0 0 0 0 0 
73!:
4 5 1 3 0 1 1 0 1 6 4 2 9 9 6 9 1 7 9 5 8 1 5 7 9 0 0 0 6 7 3 0 5 4 5 6 5 9 3 0 2 4 8 5 6 6 1 3 7 6 6 8 1 8 4 0 1 9 0 8 0 0 9 2 3 7 0 4 2 2 1 0 4 0 6 7 1 8 3 3 1 7 0 1 6 9 0 3 6 8 0 0 0 0 0 0 0 0 0 0 0 0 0 0 0 0 
74!:
3 3 4 0 2 4 6 2 5 5 2 6 8 8 2 8 4 7 8 7 8 3 4 2 2 7 5 0 6 6 7 0 5 0 5 9 9 5 7 2 8 3 6 0 6 4 6 7 3 0 8 1 5 7 2 7 1 8 1 1 9 2 6 8 3 5 4 1 1 2 3 5 7 0 0 9 7 1 5 6 5 4 5 9 2 5 0 8 7 2 3 2 0 0 0 0 0 0 0 0 0 0 0 0 0 0 0 0 
75!:
2 5 0 5 6 3 5 9 9 2 5 5 3 2 6 4 3 5 6 0 0 5 5 2 5 2 2 0 9 0 0 3 5 5 2 5 5 1 3 6 2 2 0 0 7 3 3 6 1 4 2 4 9 4 6 3 5 6 9 8 9 4 5 1 2 6 5 5 8 4 2 6 7 7 5 7 2 8 6 7 4 0 9 4 4 3 8 1 5 4 2 4 0 0 0 0 0 0 0 0 0 0 0 0 0 0 0 0 0 0 
76!:
1 9 0 4 6 1 7 3 7 8 9 6 6 0 0 7 7 9 3 4 1 2 0 7 7 5 1 0 1 5 9 3 3 6 6 9 8 9 6 3 4 8 4 5 3 9 3 6 1 1 5 0 2 6 7 3 8 8 5 8 3 7 8 2 9 6 1 8 4 4 0 4 3 4 9 5 5 3 7 9 2 3 1 1 7 7 2 9 9 7 2 2 2 4 0 0 0 0 0 0 0 0 0 0 0 0 0 0 0 0 0 0 
77!:
1 4 6 6 8 0 5 9 4 5 4 0 3 0 8 1 3 2 7 3 6 2 9 0 0 2 3 5 3 4 4 7 7 9 2 9 3 7 2 7 3 9 6 7 1 7 3 1 5 4 2 1 8 4 8 3 8 3 8 4 5 2 1 0 8 8 0 6 1 9 9 1 3 4 9 1 5 6 4 2 0 0 8 0 0 6 5 2 0 7 8 6 1 2 4 8 0 0 0 0 0 0 0 0 0 0 0 0 0 0 0 0 0 0 
78!:
1 1 4 4 2 9 9 0 9 9 1 5 2 3 0 0 0 3 6 1 2 2 4 0 3 3 9 1 3 1 9 9 4 3 7 8 2 7 7 7 2 6 5 7 8 7 9 5 9 9 6 5 1 5 6 7 6 6 1 3 8 1 2 2 8 5 6 8 8 3 5 3 2 5 2 3 4 2 0 0 7 6 6 2 4 5 0 8 6 2 1 3 1 7 7 3 4 4 0 0 0 0 0 0 0 0 0 0 0 0 0 0 0 0 0 0 
79!:
9 0 4 1 4 2 9 6 8 9 2 4 8 5 7 3 3 6 6 6 9 4 3 4 9 6 9 1 6 6 2 9 0 0 6 6 3 2 3 4 1 2 7 1 2 1 6 0 1 0 4 0 1 6 0 3 0 0 8 7 5 0 1 5 7 7 9 3 7 9 9 0 6 9 3 5 0 1 8 6 0 5 3 3 3 6 1 8 1 0 8 4 1 0 1 0 1 7 6 0 0 0 0 0 0 0 0 0 0 0 0 0 0 0 0 0 0 
80!:
7 2 3 4 2 8 8 0 5 0 4 9 8 0 1 0 9 9 3 3 9 1 6 0 2 1 5 6 7 2 1 6 4 0 4 7 4 3 7 0 0 7 8 9 6 3 0 6 8 7 9 2 0 9 3 3 9 7 4 6 6 1 5 0 7 4 6 3 5 3 9 2 5 5 4 8 0 1 4 8 8 4 2 6 6 8 9 4 4 8 6 7 2 8 0 8 1 4 0 8 0 0 0 0 0 0 0 0 0 0 0 0 0 0 0 0 0 0 0 
81!:
5 8 6 0 6 7 7 4 6 3 8 7 2 3 1 3 7 6 1 9 8 3 8 6 7 1 8 1 9 1 3 6 9 5 0 7 4 3 0 6 0 8 7 3 7 2 7 9 7 8 8 1 6 9 9 6 6 7 9 7 7 6 6 9 6 0 6 1 2 4 5 7 9 6 9 3 8 9 2 0 5 6 2 5 6 1 8 4 5 3 4 2 4 9 7 4 5 9 4 0 4 8 0 0 0 0 0 0 0 0 0 0 0 0 0 0 0 0 0 0 0 
82!:
4 8 0 6 4 7 8 9 4 9 1 8 0 3 4 7 0 8 5 9 2 6 1 1 0 2 4 9 3 8 4 9 0 2 1 2 4 9 7 8 4 2 8 6 5 3 5 9 0 5 6 9 8 7 2 9 3 7 0 8 1 4 3 5 6 9 2 0 9 6 7 9 0 3 4 8 9 9 1 4 8 6 1 3 0 0 7 1 3 1 8 0 8 4 7 9 1 6 7 1 1 9 3 6 0 0 0 0 0 0 0 0 0 0 0 0 0 0 0 0 0 0 0 
83!:
3 9 8 9 9 6 3 5 9 5 5 6 6 0 7 5 3 1 2 6 9 4 8 6 9 8 9 3 7 0 7 6 6 0 1 3 3 2 3 9 5 2 6 3 9 1 2 1 7 4 5 2 7 8 2 7 0 7 7 4 4 3 8 9 3 9 1 4 0 0 9 4 8 4 3 9 6 6 2 9 3 3 4 8 7 9 5 9 1 9 4 0 1 0 3 7 7 0 8 7 0 9 0 6 8 8 0 0 0 0 0 0 0 0 0 0 0 0 0 0 0 0 0 0 0 
84!:
3 3 5 2 0 5 0 0 6 8 1 7 0 4 2 1 2 9 7 3 7 2 2 8 3 3 2 1 7 3 9 3 7 3 0 0 2 1 3 3 7 0 0 0 1 1 4 8 8 0 1 9 3 9 4 4 6 1 7 9 8 9 9 5 2 3 2 3 4 6 0 0 6 3 6 8 3 1 6 8 6 4 1 2 9 8 8 5 7 2 2 9 6 8 7 1 6 7 5 3 1 5 6 1 7 7 9 2 0 0 0 0 0 0 0 0 0 0 0 0 0 0 0 0 0 0 0 
85!:
2 8 4 9 6 4 1 5 5 4 3 0 4 4 1 4 7 1 0 2 9 7 7 1 0 3 1 0 4 6 7 8 3 7 8 1 7 8 2 6 9 6 8 9 6 2 4 0 3 9 3 8 2 3 0 5 7 0 7 9 9 9 2 0 3 8 6 4 3 3 2 4 5 5 0 7 9 1 2 3 3 4 5 1 0 4 0 2 8 6 4 5 2 3 4 0 9 2 4 0 1 8 2 7 5 1 2 3 2 0 0 0 0 0 0 0 0 0 0 0 0 0 0 0 0 0 0 0 0 
86!:
2 4 5 1 0 2 6 9 4 1 7 0 8 6 1 3 6 9 2 9 8 5 7 6 8 0 9 5 3 3 4 5 1 4 4 6 0 6 3 1 4 0 6 6 7 7 6 6 8 5 3 5 6 8 0 2 3 0 3 3 4 1 1 1 4 3 1 8 5 5 8 2 5 7 3 7 4 4 1 4 3 7 6 7 8 9 4 6 4 6 3 4 9 0 1 3 1 9 4 6 5 5 7 1 6 6 0 5 9 5 2 0 0 0 0 0 0 0 0 0 0 0 0 0 0 0 0 0 0 0 0 
87!:
2 1 3 2 6 7 8 4 0 3 4 4 1 9 2 4 3 5 4 3 6 8 6 4 8 0 1 3 9 7 2 0 7 4 3 6 4 5 3 1 1 0 6 5 0 6 4 6 7 8 6 6 4 3 5 6 2 3 4 4 7 7 5 6 9 3 7 7 5 3 2 1 1 7 1 6 1 2 4 8 4 1 9 8 0 6 8 3 4 2 3 2 3 6 4 1 4 7 9 3 5 0 4 7 3 4 4 7 1 7 8 2 4 0 0 0 0 0 0 0 0 0 0 0 0 0 0 0 0 0 0 0 0 
88!:
1 8 7 7 0 0 2 0 9 7 7 2 3 0 6 4 2 9 3 2 1 3 7 0 8 8 2 9 1 0 4 9 5 8 8 9 2 2 3 3 4 3 6 8 6 6 3 5 9 4 8 9 3 1 6 9 1 6 6 5 7 0 5 9 5 1 6 3 6 6 0 1 1 8 9 2 7 6 3 6 0 5 0 8 6 0 0 1 4 1 2 4 4 8 0 4 5 0 1 8 2 8 4 1 6 6 3 3 5 1 6 8 5 1 2 0 0 0 0 0 0 0 0 0 0 0 0 0 0 0 0 0 0 0 0 
89!:
1 6 7 0 7 4 5 1 3 4 8 1 3 8 7 1 4 1 3 3 9 5 6 3 7 7 2 2 7 0 4 8 1 0 6 2 1 5 2 4 2 1 1 9 2 1 7 1 0 5 9 2 2 7 8 6 9 9 3 8 7 1 2 7 7 4 5 2 5 9 5 2 5 9 0 5 7 3 1 2 2 1 0 1 0 7 3 1 2 5 7 0 7 8 7 6 0 0 6 6 2 7 2 9 0 8 0 3 8 2 9 9 9 7 5 6 8 0 0 0 0 0 0 0 0 0 0 0 0 0 0 0 0 0 0 0 0 
90!:
1 5 0 3 8 5 8 3 2 1 5 4 2 2 5 6 5 7 8 4 8 5 3 9 5 3 2 1 3 1 7 2 4 0 0 5 5 2 6 1 0 1 4 0 7 3 2 2 6 1 6 8 9 9 9 7 6 1 1 4 0 0 8 0 6 7 6 6 8 5 2 0 9 9 1 6 3 4 7 3 7 5 2 7 0 1 6 6 7 3 1 3 7 0 8 8 4 0 5 9 6 4 5 6 1 7 2 3 4 4 6 9 9 7 8 1 1 2 0 0 0 0 0 0 0 0 0 0 0 0 0 0 0 0 0 0 0 0 0 
91!:
1 3 6 8 6 7 8 1 4 7 1 1 6 9 3 4 8 7 3 5 6 3 0 4 9 3 0 6 1 7 0 9 5 8 9 3 1 3 4 9 6 7 5 2 2 7 8 2 7 9 8 4 8 4 9 0 1 0 5 0 7 4 1 2 1 2 8 5 5 8 0 6 6 9 7 6 4 6 6 6 8 4 6 1 7 9 5 2 7 9 8 5 4 7 5 0 4 4 9 4 2 7 7 5 1 1 6 8 3 3 6 7 6 8 0 0 8 1 9 2 0 0 0 0 0 0 0 0 0 0 0 0 0 0 0 0 0 0 0 0 0 
92!:
1 2 5 9 3 3 4 2 8 1 1 7 9 7 3 4 3 0 9 3 3 5 8 5 3 9 0 1 2 0 9 4 1 3 9 4 0 8 4 7 2 2 7 3 1 1 0 0 9 0 6 8 6 7 7 9 8 9 6 4 2 9 3 3 1 6 6 3 4 1 0 9 0 1 3 9 3 4 0 9 8 4 5 8 6 0 4 3 5 9 1 3 3 3 7 0 4 1 3 4 7 3 5 3 1 0 7 4 8 6 9 8 2 6 5 6 7 5 3 6 6 4 0 0 0 0 0 0 0 0 0 0 0 0 0 0 0 0 0 0 0 0 0 
93!:
1 1 7 1 3 1 7 7 4 9 3 1 1 8 6 4 6 0 1 1 6 9 7 0 0 4 3 3 0 5 5 3 7 2 0 6 0 8 8 1 0 5 6 3 6 6 7 6 1 2 1 6 6 6 9 0 1 5 2 6 8 9 7 8 5 8 5 9 1 0 0 6 9 6 3 6 2 8 4 7 6 2 3 3 3 4 8 2 3 3 5 2 2 0 1 4 4 8 4 5 3 0 3 8 3 8 9 9 6 2 8 9 3 8 7 0 7 8 0 9 0 7 5 2 0 0 0 0 0 0 0 0 0 0 0 0 0 0 0 0 0 0 0 0 0 
94!:
1 1 0 1 1 6 4 6 1 7 7 8 1 2 7 0 6 9 8 5 3 0 4 5 1 9 9 2 4 6 2 1 7 0 6 7 8 6 2 2 2 7 7 7 0 7 4 8 6 6 4 4 5 7 5 7 4 2 1 5 1 8 0 4 1 6 4 0 7 2 0 9 9 5 6 7 1 2 1 6 1 0 6 9 1 9 3 1 9 9 9 4 6 6 0 6 9 1 5 4 5 8 5 6 0 8 6 5 6 5 1 2 0 2 3 8 5 3 4 0 5 3 0 6 8 8 0 0 0 0 0 0 0 0 0 0 0 0 0 0 0 0 0 0 0 0 0 
95!:
1 0 4 6 2 2 3 5 1 8 6 6 7 1 3 8 3 5 0 0 6 4 0 4 6 3 6 2 8 8 2 3 6 7 6 8 1 8 9 7 2 5 1 9 2 7 7 4 8 9 8 8 4 6 8 6 2 1 9 4 5 7 4 0 8 5 3 7 2 7 0 8 5 5 9 5 7 2 9 1 5 8 6 3 3 5 6 8 7 4 7 7 2 6 2 8 7 7 0 6 8 5 6 3 2 8 2 2 3 6 8 6 4 2 2 6 6 0 7 3 5 0 4 1 5 3 6 0 0 0 0 0 0 0 0 0 0 0 0 0 0 0 0 0 0 0 0 0 0 
96!:
1 0 0 4 4 8 4 6 9 4 3 8 2 2 3 0 9 4 3 1 3 1 3 3 7 5 5 3 5 6 6 3 1 9 1 9 1 6 8 9 2 2 4 0 7 8 4 0 9 7 7 7 5 9 4 3 3 4 6 4 2 1 2 6 3 9 9 9 9 4 4 0 9 3 8 1 8 5 6 7 0 4 4 4 9 2 9 5 1 9 1 0 1 7 1 8 2 8 0 5 4 8 2 0 7 5 0 9 4 7 3 8 9 6 5 7 5 4 3 0 5 6 3 9 8 7 4 5 6 0 0 0 0 0 0 0 0 0 0 0 0 0 0 0 0 0 0 0 0 0 0 
97!:
9 7 4 4 5 4 7 7 5 9 0 2 6 3 0 7 2 8 6 7 2 4 0 3 8 3 1 5 9 5 6 1 7 8 5 2 7 0 6 7 3 7 0 8 1 2 5 0 2 5 9 1 6 5 3 5 1 4 6 5 0 5 7 1 8 2 0 7 9 9 4 9 8 0 8 9 6 0 5 7 6 2 3 1 6 7 9 6 9 2 1 6 1 4 3 9 9 5 0 0 8 7 6 1 2 8 4 1 8 9 6 7 9 6 7 8 1 6 7 6 4 7 0 6 7 8 3 2 3 2 0 0 0 0 0 0 0 0 0 0 0 0 0 0 0 0 0 0 0 0 0 0 
98!:
9 5 5 0 6 6 1 2 8 8 5 4 0 1 6 3 3 7 1 9 3 2 6 8 8 8 8 7 1 9 0 6 2 1 2 7 5 7 1 7 7 1 2 6 2 0 3 3 0 9 4 9 5 9 8 0 3 8 6 9 2 2 0 2 5 1 0 7 8 3 5 0 2 5 3 7 1 9 5 5 0 3 7 7 4 9 1 0 2 7 8 3 7 3 1 2 8 6 9 3 6 6 4 0 0 5 8 5 0 5 8 8 6 0 8 4 6 0 4 2 9 4 1 2 6 4 7 5 6 7 3 6 0 0 0 0 0 0 0 0 0 0 0 0 0 0 0 0 0 0 0 0 0 0 
99!:
9 4 5 6 1 2 9 1 3 0 4 3 0 6 6 4 3 6 8 9 4 2 0 3 4 4 0 2 1 5 0 3 1 0 6 8 0 8 1 3 2 4 2 2 3 1 2 0 8 8 9 0 3 6 1 2 2 3 6 5 6 7 4 5 5 4 2 8 5 7 7 4 7 4 6 1 6 3 2 5 0 9 3 1 3 3 9 2 8 5 5 2 8 1 5 5 8 8 4 6 6 7 7 4 5 2 7 9 2 0 8 2 7 2 2 3 7 5 8 2 5 1 1 8 5 2 1 0 9 1 6 8 6 4 0 0 0 0 0 0 0 0 0 0 0 0 0 0 0 0 0 0 0 0 0 0 
100!:
9 4 5 7 0 8 4 1 9 6 5 5 9 5 1 8 3 8 5 2 7 9 2 2 7 6 7 1 0 3 9 0 2 9 7 4 2 9 4 0 8 1 4 0 0 2 4 7 0 9 2 3 4 5 6 1 8 3 4 6 0 6 1 4 7 6 3 1 0 8 8 2 5 8 1 1 8 8 6 2 2 8 8 6 3 7 7 0 3 4 6 3 0 9 3 9 6 1 5 9 5 4 6 8 1 9 1 9 2 0 8 2 7 2 2 3 7 5 8 2 5 1 1 8 5 2 1 0 9 1 6 8 6 4 0 0 0 0 0 0 0 0 0 0 0 0 0 0 0 0 0 0 0 0 0 0 0 0 
